67;0;1859;3866;5938;7531;9351;11618;
73;0;1844;3839;5954;7542;9401;11608;
73;10;1843;3837;5939;7576;9442;11620;
64;8;1855;3843;5950;7596;9444;11636;
67;9;1872;3848;5961;7608;9450;11646;
63;7;1875;3860;5959;7607;9450;11646;
59;10;1878;3867;5959;7605;9455;11647;
57;8;1883;3871;5964;7604;9457;11647;
54;7;1895;3874;nan;7614;9466;11650;
50;9;1893;3873;nan;7614;9465;11651;
43;9;nan;3875;nan;7623;9477;11654;
36;11;1901;3891;nan;7636;9478;11658;
28;14;1913;3902;5980;7640;9469;11656;
25;23;1920;3907;5994;7639;9472;11658;
17;32;1917;3911;5998;7641;9469;11653;
13;40;1905;3906;6031;7645;9466;11649;
9;50;1896;3899;6082;7650;9460;11642;
7;60;1890;3890;6087;7652;9452;11628;
4;64;1879;3874;6084;7638;9434;nan;
8;74;1852;3867;6082;7632;9428;11613;
13;87;1841;3861;6089;7620;9415;11597;
31;103;1824;3838;6111;7603;9403;11580;
78;107;1807;3815;6114;7618;9390;11566;
103;113;1784;3797;6100;7604;9374;11553;
166;121;1772;3773;6121;7579;9360;11526;
209;135;1750;3750;6071;7583;9342;11504;
245;151;1741;3730;6050;nan;9323;11484;
277;166;1715;3708;6070;7552;9300;11459;
311;189;1699;3695;6059;7554;9282;11435;
365;216;1683;3676;6081;nan;9258;11413;
392;228;1664;3652;6082;nan;9238;11393;
412;246;1645;3682;6016;7539;9216;11371;
403;264;1617;3697;nan;nan;9198;11348;
427;291;1597;3689;5963;nan;9176;11324;
403;316;1571;3671;5925;7505;9154;11305;
396;343;1554;3652;5873;7492;9136;11286;
391;366;1515;3635;5855;7473;9119;11269;
393;391;1494;3650;5783;nan;9099;11253;
395;421;1484;3669;5703;nan;9080;11246;
378;430;1473;3664;5660;nan;9064;11229;
390;456;1458;3653;5589;nan;9046;11211;
402;477;1443;3588;5529;nan;9026;11197;
420;508;1432;3544;5517;7424;9006;11178;
425;523;1415;3521;5504;nan;8991;11158;
431;539;1401;3506;5497;7404;8972;11141;
450;556;nan;3501;5543;nan;8956;11122;
472;570;1382;3480;5523;nan;8935;11097;
506;581;1371;3450;5510;7375;8922;11075;
553;nan;1347;3435;5492;nan;8901;11052;
570;597;1303;3408;5476;7311;8872;11029;
589;618;1261;3390;5457;nan;8848;11009;
621;644;1221;3379;5437;nan;8825;10988;
635;657;1206;3359;5432;7323;8805;10966;
657;675;1173;3331;5408;nan;8781;10944;
695;698;1195;3320;5372;nan;8771;10923;
724;709;1159;3309;5269;7279;8748;10899;
773;724;1140;3303;5234;nan;8724;10876;
787;742;1123;3279;5209;nan;8701;10851;
793;761;1106;3225;5180;nan;8681;10831;
822;776;1096;3205;5156;7236;8663;10810;
849;788;1080;3178;5130;7197;nan;10785;
878;795;1065;3155;5097;7136;8640;10761;
909;813;1023;3133;5047;7088;8620;10741;
1033;832;1011;3120;5017;7031;8592;10719;
1050;854;931;3088;4994;nan;8572;10696;
1067;880;918;3054;4973;6976;8535;10678;
1066;909;900;3028;4948;6941;8509;10662;
1079;929;877;3007;4920;6911;8486;10654;
1094;964;852;2987;4906;nan;8465;10634;
1118;981;829;2965;4885;6826;8445;10622;
1161;1008;818;2947;4874;6759;8426;10609;
1176;1033;802;2921;4872;6716;8411;10596;
1201;1058;785;2898;4868;6679;8393;10578;
1128;1076;763;2874;4853;6647;8377;10563;
1157;1110;760;2846;4827;6601;8355;10546;
1183;1137;736;2822;4804;6566;8344;10525;
1209;1146;713;2784;4776;6528;8328;10502;
1238;1172;695;2755;4772;6492;8310;10475;
1264;1183;682;2726;4762;6453;8290;10449;
1290;1205;660;2704;4745;6437;8268;10418;
1305;1230;643;2680;4708;6434;8242;10389;
1336;1256;633;2664;4675;6411;8222;10359;
1500;1278;625;2650;4650;6397;8207;10335;
1548;nan;605;2640;4627;nan;8194;10310;
1558;1302;589;2635;4610;nan;8177;10286;
1573;1297;580;2628;4604;6382;8157;10261;
1594;1303;574;2628;4605;6369;8141;10239;
1691;1324;549;2613;4583;6358;8126;10224;
1707;1326;534;2601;4555;6353;8108;10203;
1731;1341;518;2589;4531;6337;8093;10194;
1745;1353;498;2582;4506;6323;8086;10185;
1770;1368;484;2569;4489;6299;8073;10179;
1691;1378;470;2550;4476;nan;8061;10168;
1707;1391;462;2527;4460;6264;8044;10158;
1738;1421;434;2508;4448;6240;8029;10151;
1749;1446;416;2491;4417;nan;8009;10146;
1794;1476;391;2487;4397;nan;7987;10138;
1732;1494;386;2477;4384;6232;7974;10127;
1755;1514;366;2459;4375;6225;7959;10122;
nan;1529;354;2438;4374;6218;7945;10109;
1779;1546;338;2428;4383;6204;7933;10104;
1806;1557;319;2413;4364;6186;7923;10090;
nan;1585;295;2407;4342;6182;7906;10079;
1801;1600;265;2393;4323;6172;7890;10065;
1786;1600;259;2403;4310;6161;7881;10050;
1761;1616;242;2387;4306;6156;7876;10040;
1755;1626;230;2354;4293;6156;7874;10031;
1764;1636;208;2351;4277;6134;7869;10019;
1749;1658;199;2334;4261;6118;7860;10009;
1766;1682;180;2333;4250;6093;7844;9999;
1779;1697;169;2318;4241;6071;7827;9984;
1780;1713;149;2301;4250;6042;7810;9975;
1771;1724;136;2297;4247;6012;7783;9957;
1789;1745;127;2286;4252;5989;7764;9948;
1786;1766;108;2243;4241;5981;7744;9937;
1817;1779;92;2239;4230;5962;7723;9927;
1842;1799;72;2233;4221;5937;7703;9912;
1867;1818;60;2210;4199;5927;7679;9900;
1916;1829;48;2207;4182;5909;7664;9885;
1926;1840;39;2189;4152;5899;7652;9864;
nan;1859;29;2161;4124;5878;7640;9840;
1940;1889;19;2150;4093;5865;7622;9821;
1964;1901;14;2122;4071;5850;7613;9802;
1999;1914;12;2103;4037;5829;7597;9778;
2022;1914;23;2096;4021;5796;7572;9755;
2031;1969;29;2063;4018;5770;7545;9730;
2043;2012;43;2039;4003;5742;7521;9702;
2056;2061;54;2006;3992;5703;7498;9669;
2086;2087;73;1982;3979;5674;7470;9644;
nan;2118;93;1958;3969;5646;7444;9619;
2089;2151;120;1942;nan;5620;7418;9598;
nan;2168;153;1909;3942;5592;7393;9567;
nan;2198;173;1881;3908;5568;7372;9538;
2131;2233;199;1858;3872;5539;7352;9511;
nan;2274;218;1831;nan;5517;7334;9480;
2194;2266;248;1804;nan;5492;7320;9448;
nan;2267;299;1778;3834;5470;7302;9423;
2406;2264;328;1758;3893;5449;7281;9396;
nan;2288;349;1728;3843;5417;nan;9365;
nan;2308;379;1702;3795;5392;7253;9343;
2436;2327;399;1678;3779;5375;7228;9313;
nan;2348;424;1658;3751;5349;7195;9288;
2496;2370;457;1632;3738;5323;7171;9269;
2594;2393;482;1608;3726;5304;7132;9246;
2667;2419;506;1585;3712;5276;7103;9222;
nan;2442;535;1565;3689;5256;7079;9201;
2715;2464;533;1551;3734;5236;7068;9180;
2761;2489;557;1525;3614;5221;7054;9160;
2778;2512;598;1511;3588;5199;7035;9142;
2820;2535;613;1489;3578;5177;7027;9120;
2816;2558;648;1467;3538;5147;7001;9099;
nan;2583;669;1453;3511;5128;6984;9077;
2666;2610;702;1430;3503;5097;6955;9048;
2700;2631;759;1405;3514;5067;6941;9013;
2705;2647;835;1372;3492;5037;6923;8989;
2697;2677;845;1347;3467;5000;6891;8959;
2705;2696;876;1319;3388;4969;6851;8932;
2761;2723;920;1306;3364;4936;6816;8909;
2811;2750;934;1268;3346;4912;6784;8879;
2869;2773;975;1238;3309;4884;6752;8849;
2894;2800;993;1204;3275;4856;6729;8818;
2953;2836;1023;1175;3237;4835;6698;8789;
2984;2857;1048;1161;3179;4816;6673;nan;
nan;2889;1048;1139;3113;4790;6647;8765;
3023;2931;1036;1118;3077;4763;6615;8744;
nan;2963;1081;1092;nan;4745;6584;8717;
nan;2988;1128;1069;3104;4720;6560;8693;
3084;3011;nan;1025;3095;4693;6529;8670;
3098;3030;1182;1006;3079;4663;6611;8645;
3117;3061;1227;976;3051;4632;6680;8620;
3134;3093;1244;951;3117;4608;nan;8598;
3155;3112;1270;913;3178;4576;nan;nan;
nan;3133;1287;877;3218;4541;6746;8575;
nan;3154;1301;844;3217;4520;6735;8551;
3188;3171;1317;820;3170;4493;6724;8523;
3241;3190;1335;789;3136;4463;6694;8507;
3284;3228;1353;753;3047;4440;6659;8485;
3339;3263;1366;736;2983;4424;6634;8466;
3376;3303;1351;702;2928;4408;6599;8444;
3397;3329;1360;678;2890;4390;6573;8418;
3454;3346;1388;662;2777;4362;6434;8393;
3505;3363;1418;639;2701;4345;6306;8369;
3530;3412;1454;613;2606;4324;6188;8350;
nan;3439;1483;589;2552;4297;6150;8330;
nan;3468;1518;556;2533;4285;6108;nan;
3562;3488;1560;530;2512;4264;6085;8310;
nan;3515;1592;504;2499;4248;6065;nan;
nan;3543;1615;464;2501;4227;6045;8297;
nan;3563;1660;447;2494;4196;nan;nan;
nan;3582;1700;409;2478;4170;6018;8279;
3673;3607;1731;363;2447;4148;5979;nan;
3787;3641;1758;337;2387;4117;nan;nan;
3830;3650;1800;302;2377;4089;5951;nan;
3892;3678;1842;272;nan;nan;nan;8260;
nan;3700;1882;252;2323;4053;5918;nan;
3921;3757;1902;232;2295;4014;5881;nan;
nan;3785;1930;214;2256;3975;5841;nan;
4002;3808;1947;207;2275;3935;nan;nan;
nan;3838;1952;180;2234;3897;5794;nan;
4164;3875;1969;168;2178;3868;5745;nan;
4284;3904;1994;161;2135;3838;5702;nan;
4404;3924;2019;148;2138;3804;5663;nan;
4541;3950;2032;142;2100;3770;nan;nan;
4558;3964;nan;139;2060;3765;5627;nan;
4524;3987;2129;130;2048;3765;nan;nan;
4576;3985;nan;127;2021;3758;5588;nan;
4580;4004;2159;125;2005;3755;5546;nan;
4630;4021;2195;127;1920;3746;5508;nan;
4613;4048;2226;138;1900;3732;5469;nan;
4509;4070;2273;148;1900;3716;5433;nan;
4452;4091;2303;168;1874;3714;5403;nan;
4412;4119;2335;181;1822;3704;5367;nan;
4340;4150;2366;200;1802;3693;5327;nan;
4305;4179;2400;219;1774;3648;5283;nan;
4305;4209;2432;242;1741;3611;5239;nan;
4288;4239;2382;268;1710;3564;5209;nan;
4304;4269;2400;285;1681;3522;5178;8170;
4310;4295;2432;312;1657;3480;5143;8068;
4335;4320;2472;345;1616;3442;5113;8134;
4366;4343;2502;378;1590;3404;5078;nan;
4395;4376;2541;394;1587;3349;5049;nan;
4424;4407;2578;426;1565;3311;5023;nan;
4450;4432;2611;456;1530;3267;4997;8021;
4484;4468;2638;483;1501;3233;4973;nan;
4518;4495;2660;513;1470;3200;4946;7914;
4548;4524;2688;543;1434;3176;4919;7799;
4576;4552;2716;589;1402;3153;4891;7705;
4614;4590;2732;618;1369;3115;4862;7580;
4639;4620;2746;638;1349;3084;4831;7466;
4667;4653;2771;709;1311;3057;4806;nan;
4704;4677;2793;741;1271;3032;4773;nan;
4729;4703;2817;771;1233;3003;4747;7340;
4750;4728;2855;802;1218;2979;4722;7273;
4777;4762;2902;837;1189;2948;4693;7227;
nan;4789;2948;873;1170;2914;4670;7011;
4806;4816;3000;909;1181;2876;4643;nan;
4832;4842;nan;937;1186;2840;4617;nan;
4866;4866;3037;966;1203;2818;4588;6957;
4891;4892;3093;997;1205;2788;4564;nan;
nan;4920;nan;989;1187;2755;4537;nan;
4935;4949;3141;1022;1156;2725;4511;nan;
4969;4980;3187;1047;1146;2697;4481;nan;
4992;5007;nan;1067;1104;2672;4450;nan;
5014;5025;3289;1088;1083;2651;4417;nan;
5041;5059;3342;1104;1067;2625;4387;nan;
5066;5087;3385;1111;1013;2608;4351;nan;
nan;5122;3409;1125;960;nan;4320;nan;
nan;5152;3450;1142;881;2582;4299;nan;
nan;5184;3479;1173;860;2560;4268;nan;
nan;5214;3520;1191;824;2542;4246;6909;
nan;5252;nan;1220;781;2517;4225;6848;
5099;5282;nan;1238;729;2486;4205;nan;
5130;5313;nan;1281;697;2449;4188;6764;
nan;5349;3575;1337;666;2407;4171;nan;
nan;5381;3659;1405;629;2383;4148;6687;
5168;5404;3671;1433;604;2362;4131;6604;
5204;5426;3699;1514;576;2334;4109;6537;
5231;5453;nan;1537;560;2319;4082;nan;
5262;5467;nan;1546;496;2300;4062;6495;
5304;5485;3714;1566;475;2274;4038;6480;
5346;5504;nan;1573;465;2255;4014;6461;
5392;5528;nan;1598;441;2239;3992;nan;
5440;5554;nan;1599;427;2228;3965;6458;
5490;5572;nan;1584;402;2212;3936;nan;
nan;5590;3727;1554;379;2172;3908;6381;
5582;5611;3798;1574;355;2138;3886;nan;
nan;5627;3839;1530;333;2102;3863;6376;
nan;5646;nan;1564;311;2067;3839;6363;
nan;5671;nan;1599;291;2031;3808;6346;
nan;5691;3870;1630;266;1999;3777;nan;
nan;5717;3913;1668;244;1963;3750;6343;
nan;5747;3921;1697;227;1928;3718;6319;
5639;5776;nan;1731;200;1892;3695;6268;
5693;5801;3909;1758;171;1864;3675;6185;
5738;5831;3953;1799;145;1842;3652;6108;
5780;5867;nan;1831;124;1820;3622;6032;
nan;5898;3944;1875;101;1852;3587;6020;
nan;5925;3986;1898;82;1833;3560;5959;
5823;5943;4036;1919;62;1807;3535;5901;
5879;5977;nan;1935;43;1790;3520;5863;
5965;6007;nan;1958;31;1767;3504;5839;
6043;6020;4064;1980;22;1736;3484;5789;
nan;6032;4110;2003;21;1719;3452;5756;
nan;6047;4152;2032;27;1708;3424;5732;
6092;6058;4178;2059;33;1688;3398;5706;
6102;6068;nan;2093;39;1679;3370;5686;
nan;6091;4188;2114;54;1594;3358;5658;
6117;nan;4208;2144;74;1560;3331;5631;
nan;6167;4261;2169;84;1531;3317;5602;
6149;6199;nan;2214;111;1487;3288;5568;
nan;6229;4337;2253;137;1451;3254;5506;
nan;nan;4407;2300;166;1428;3231;5491;
6185;6306;4497;2336;188;1412;3209;5465;
6232;6338;4489;2354;216;1370;nan;nan;
6280;6378;4484;2371;239;1339;3180;5433;
6310;nan;4500;2387;268;1311;3219;5401;
nan;nan;4522;2403;297;1297;3188;5366;
6326;nan;4554;2422;320;1264;3155;5340;
nan;6422;4669;2457;354;1248;3130;5306;
nan;6458;4678;2467;376;1238;3097;5283;
6347;6493;4654;2476;394;1209;3069;5257;
6395;6519;4645;2482;415;1199;3040;5234;
nan;6496;4600;2497;446;1151;3014;5204;
nan;6530;nan;2525;467;1120;2989;5201;
nan;6556;4638;2548;492;1108;2973;5175;
nan;nan;4680;2574;525;1072;2887;5160;
6447;6545;4714;2600;545;1052;2872;5139;
nan;6577;4749;2625;562;1072;2860;5119;
nan;6583;4788;2633;583;1045;2849;5109;
nan;6606;4724;2655;595;1016;2839;5111;
6525;6624;4736;2675;620;1006;2830;5089;
nan;6639;4752;2690;633;986;2813;5064;
6606;6657;4821;2700;652;973;2802;5044;
nan;6675;nan;2716;672;966;2809;5015;
6650;6696;4899;2737;693;951;2797;nan;
6690;6709;nan;2750;705;939;2787;5045;
6719;6710;nan;2761;720;926;2783;5040;
6765;nan;4922;2771;744;886;2774;5027;
6789;6733;4927;2782;764;885;2771;5008;
6807;6760;4938;2793;791;879;2755;4983;
6811;6762;nan;2800;811;882;2741;4954;
6815;6783;nan;2810;836;871;2732;4955;
6810;6815;nan;2822;850;878;2729;4957;
6788;6831;4952;2833;865;878;2708;4959;
6808;6848;4965;2833;887;870;2708;4946;
6831;6863;4991;2835;904;865;2708;4895;
nan;6874;nan;2848;921;859;2701;4883;
nan;6883;nan;2859;933;848;2691;4873;
nan;6874;nan;2872;946;835;2702;4861;
6855;6878;nan;2878;nan;829;2690;4848;
6870;6892;5029;2894;957;813;2670;4824;
6885;6899;nan;2906;967;797;2662;4800;
nan;6909;5057;2921;976;777;2639;4788;
nan;6918;5024;2935;992;758;2620;4768;
nan;6933;4992;2949;1003;739;2647;4746;
nan;6956;nan;2966;1011;718;2614;nan;
6908;nan;nan;2976;1017;698;2635;4742;
6935;7015;nan;2990;1024;682;2622;nan;
6966;7050;5066;3005;1036;666;2574;4712;
6987;7069;nan;3023;1046;649;2567;4696;
7020;7081;nan;3037;1053;635;2554;4677;
nan;7094;nan;3053;1059;627;2539;4672;
7028;7096;nan;3067;1069;599;2531;4671;
nan;7096;nan;3085;1073;590;2524;4659;
nan;7109;5099;3113;1083;584;2466;4644;
nan;7109;5138;3130;1089;579;2466;4639;
nan;7094;5172;3151;1093;603;2415;4641;
nan;7060;5203;3162;1103;585;2400;4620;
nan;nan;5233;3167;1104;568;2389;4611;
nan;7099;nan;3174;1117;548;2379;4585;
nan;7106;nan;3190;1126;528;2373;4566;
nan;7128;5262;3206;1138;501;2360;4537;
nan;7149;5298;3222;1148;496;2349;4516;
nan;7170;nan;3246;1160;478;2325;4505;
nan;7186;nan;3251;1171;456;2303;nan;
nan;7207;5338;3261;1189;428;2285;4479;
nan;7232;5383;3280;1211;377;2262;4450;
nan;7277;5417;3316;1240;370;2235;4420;
7084;nan;nan;nan;1262;361;2207;4395;
nan;7295;nan;3348;1284;360;2176;4372;
7142;7276;nan;3384;1310;344;2156;4356;
7212;7309;5456;3410;1332;334;2138;4336;
7275;7335;5496;3431;1352;316;2113;4320;
7331;7358;5526;3456;1392;296;2098;4290;
nan;nan;5558;3473;1421;285;2075;4255;
7385;7397;5594;3497;1449;283;2052;4232;
nan;7429;5629;3529;1471;272;2032;4205;
nan;7471;5665;3553;1500;256;2008;4176;
7439;7518;5699;3566;1534;245;1987;4145;
nan;nan;5727;3584;1561;221;1970;4116;
7508;7537;5707;3598;1590;212;1939;4085;
7567;7572;5730;3620;1616;203;1909;4064;
7650;7606;nan;3644;1646;201;1879;4021;
7679;7676;5757;3665;1668;199;1850;3993;
7715;7703;nan;3690;1693;195;1821;3960;
nan;nan;nan;3718;1716;191;1795;3929;
7743;7734;nan;3744;1746;186;1770;3900;
7782;7775;nan;3770;1760;188;1746;3872;
nan;7815;nan;3800;1781;188;1722;3844;
7818;7832;5801;3831;1799;196;1692;3823;
nan;7855;nan;3862;1818;206;1667;3805;
7867;7900;5848;3889;1874;215;1642;3787;
7909;7929;nan;3923;1904;227;1616;3782;
nan;7954;nan;3953;nan;240;1595;3764;
nan;7935;nan;3979;1922;254;1575;3756;
7956;nan;nan;4005;1944;267;1551;3747;
8014;7974;nan;4036;1972;293;1519;3734;
nan;8015;nan;4061;2004;310;1496;3712;
nan;8052;5914;4087;2028;334;1474;3691;
8073;8075;nan;4115;2059;354;1450;3667;
nan;8100;nan;4140;2085;375;1421;3635;
nan;8115;nan;nan;2118;400;1393;3605;
nan;8126;5984;4166;2128;413;nan;3575;
8116;nan;nan;4189;nan;444;1370;3547;
8168;8154;6058;4215;2161;472;1329;3516;
8209;8180;nan;4240;2193;499;1295;3485;
8249;8218;nan;4269;2227;525;1267;3459;
nan;8236;6160;4291;2250;554;1247;3435;
nan;8248;nan;4309;2286;575;1219;3410;
nan;8242;6264;4329;2313;617;1183;3386;
nan;8264;nan;4355;2339;647;1152;3369;
nan;8298;nan;4381;2364;677;1131;3345;
8314;8330;nan;4410;2398;715;1097;3326;
nan;8355;nan;4439;2404;736;1062;3300;
8359;8374;nan;4459;2420;763;1041;3270;
nan;8397;nan;4486;2447;792;1017;3259;
nan;8412;nan;4512;2470;817;987;3254;
8421;8438;nan;4539;2502;842;955;nan;
8469;8468;nan;4577;2519;868;932;3252;
8499;8501;6369;4601;2562;883;909;3227;
8527;8518;nan;4624;2592;913;875;3208;
8573;8539;nan;4649;2627;941;843;3185;
8605;8565;nan;4671;2646;968;824;3165;
nan;8601;nan;4693;nan;996;801;3143;
8646;8631;nan;4726;2686;1017;781;3124;
8691;nan;nan;4748;2724;1050;762;3105;
nan;8657;nan;4774;2765;1083;733;3067;
nan;8691;nan;4799;2800;1103;705;3017;
nan;8718;nan;4818;2825;1130;673;2977;
8723;8746;nan;4844;2888;1150;654;2958;
8765;8774;nan;4868;nan;1170;643;2933;
8803;8813;nan;4891;2904;1193;623;2918;
8837;8842;6512;4913;2929;1212;606;2879;
8877;8869;nan;4936;2958;1231;591;2845;
8910;8900;nan;4960;2988;1255;578;2812;
8939;nan;nan;4977;3025;1266;563;2785;
8969;nan;nan;4992;3048;1277;556;2768;
8997;8927;nan;5010;3064;1298;550;2742;
9024;8960;nan;5032;3083;1321;545;2715;
9038;8985;nan;5050;3095;1345;535;2684;
9055;9008;nan;5072;3069;1366;522;nan;
9051;9031;nan;5095;3094;1391;514;2666;
9061;9052;nan;5115;3116;1414;500;2638;
nan;9069;nan;5135;3143;1437;491;2629;
9066;9091;nan;5151;3168;1454;475;2610;
9072;9109;nan;5176;3166;1474;462;2594;
9089;9112;nan;5187;3173;1487;444;2573;
nan;9131;6672;5203;3185;1508;428;2547;
nan;9141;nan;5225;3201;1523;404;2539;
9111;9160;6815;5242;3220;1535;381;2516;
9138;9175;6962;5259;3246;1548;358;2499;
9160;9187;7075;5265;3251;1550;344;2471;
9184;9203;7175;5276;3261;1563;336;2453;
9206;9219;7271;5285;3269;1576;310;2429;
9238;9231;7339;5303;3274;1589;291;2406;
9261;9235;7403;5324;3288;1602;272;2413;
9282;9256;7468;nan;3301;1620;259;2400;
9315;9264;7502;5352;3317;1629;241;2457;
9341;9283;7498;5370;3330;1645;233;2472;
9363;9295;nan;5385;3342;1665;209;2461;
9376;9314;nan;5408;3357;1677;196;2525;
nan;9335;nan;5427;3377;1702;170;2506;
nan;9353;nan;5459;3400;1724;143;2472;
nan;9371;nan;5493;3425;1741;127;2456;
9406;9393;nan;5517;3449;1758;104;2441;
nan;9421;nan;nan;nan;1779;81;2396;
nan;9438;7532;5558;nan;1798;60;2365;
9443;9465;7559;5621;3486;1823;42;2268;
9480;9481;nan;5739;3510;1838;24;2205;
nan;9502;nan;5835;3558;1856;23;2183;
9519;9526;nan;nan;3594;1887;17;nan;
9556;9550;nan;5880;3636;1911;16;2086;
9596;9576;nan;5924;3666;1931;16;2066;
9632;9604;nan;5957;3695;1964;16;2055;
9673;9629;nan;5988;3714;2004;26;2037;
9712;9653;nan;6002;3731;2036;37;2013;
9755;9677;nan;6036;3751;2067;49;1990;
9781;9704;7610;6052;3771;2099;69;1982;
9801;9731;7664;6041;3798;2130;98;1965;
9824;9761;7724;5973;3794;2165;114;1945;
9842;9792;nan;5940;3807;2200;176;1910;
9869;9815;7785;5954;3824;2242;nan;1882;
9904;9837;nan;5969;3848;2275;211;1853;
9931;9865;nan;5990;3875;2309;249;1816;
9959;9895;nan;6012;3904;2327;298;1777;
9989;9928;nan;6051;3932;2354;325;1747;
10018;9958;7859;6073;3964;2385;367;1722;
10050;9987;nan;6091;3986;2414;411;1686;
10085;10021;nan;6110;4022;2445;444;1641;
10114;10045;nan;6148;4050;2470;466;1608;
10143;10070;nan;6168;4080;2488;508;1590;
10169;10095;7949;6193;4114;2496;498;1556;
10188;10123;nan;6230;4141;2514;518;1531;
nan;10147;8050;nan;4162;2528;524;1501;
10206;10171;nan;6256;4185;2560;531;1480;
10227;10191;8144;6289;4212;2586;560;1453;
10245;10211;8221;nan;4235;2607;575;1425;
nan;10233;8289;nan;4260;2626;588;1406;
10265;10249;nan;6318;4276;2646;605;1397;
10286;10273;8341;6350;4297;2669;628;1377;
10307;10288;8393;6379;4316;2688;644;1348;
10322;10313;8440;6414;4331;2717;671;1326;
10341;10334;8481;6437;4350;2731;695;1304;
10363;10356;8519;6459;4372;2749;726;1284;
10389;10368;8533;6477;4388;2766;759;1264;
10410;10390;8528;6490;4397;2783;784;1254;
10432;10416;8546;6520;4413;2806;810;1231;
10455;nan;8548;6536;4469;2830;838;1206;
10478;nan;8564;6549;4493;2857;852;1183;
10501;10450;8582;6564;4501;2872;880;1164;
10524;10471;8601;6575;nan;2906;905;1143;
nan;nan;8616;6586;4526;2921;921;1133;
10555;10513;8640;6602;4616;2958;934;1113;
10578;nan;nan;6623;nan;2983;954;1107;
nan;10573;8650;6657;4641;3000;971;1099;
10607;nan;8665;6673;4655;3016;985;1081;
10630;nan;8676;6683;nan;3023;1000;1074;
10652;nan;8684;6702;4687;3033;1012;1063;
nan;nan;8722;6725;4713;3043;1100;1052;
nan;10622;8757;6739;4741;3058;1175;1040;
nan;nan;8779;6756;4742;3059;1189;1032;
nan;nan;8800;6770;4767;3070;1227;1020;
10701;nan;8818;6774;4796;3075;nan;1018;
nan;nan;8831;6780;4809;3082;1266;1018;
nan;nan;8850;6778;4753;3094;1291;1010;
nan;nan;8866;6785;4768;3107;1322;1008;
nan;10685;8892;6796;4789;3124;1346;1039;
nan;10747;8913;6803;4796;3141;1368;1040;
nan;nan;8905;6805;4813;3165;1390;1044;
10742;10831;8888;6833;4824;3187;1340;1069;
10779;nan;8896;nan;4826;3220;1283;1043;
10814;nan;8904;6888;4839;3276;1296;1018;
10847;nan;8914;6985;4868;3296;1285;992;
10873;nan;nan;7009;4889;3318;1291;964;
10907;10891;nan;7040;4914;3338;1307;950;
10937;10949;8938;7067;4925;3356;1298;943;
10974;10983;8956;nan;4958;3377;1308;884;
11009;11030;8973;7087;4989;3396;1328;846;
11011;11065;8992;7116;5020;3410;1349;800;
11028;11077;9016;7145;5060;3440;1369;748;
11051;11096;9043;7170;nan;3446;1398;738;
11073;11095;9080;7181;5089;3426;1419;720;
11080;11091;9101;7164;5101;3441;1453;707;
nan;11077;9125;7105;5128;3457;1461;687;
11109;11085;9154;7125;nan;3484;1471;653;
11137;11090;9165;7132;5263;3505;1501;614;
nan;11103;9185;7152;5302;3528;1515;588;
nan;11118;9212;7175;5335;3548;1514;594;
11159;11124;9234;7190;5367;3563;1526;569;
nan;11141;9256;7209;5411;3569;1551;531;
nan;11163;9283;7234;5475;3587;1567;510;
nan;11190;nan;7259;5482;3606;1585;488;
11188;11214;9306;7286;nan;3624;1606;451;
11222;11237;9335;7312;5564;3650;1626;422;
11254;11253;9355;7334;nan;3660;1656;419;
11278;11273;9374;7367;5600;3682;1671;373;
11303;11297;9399;7382;5614;3696;1707;348;
nan;11322;9425;7408;5527;3716;1742;304;
nan;11342;9453;7432;5554;3743;1774;308;
11334;11366;9478;7461;nan;3768;1806;290;
11379;11383;nan;nan;5620;3796;1832;253;
11407;11400;9500;7487;nan;3826;1860;245;
11435;11422;9518;7516;5666;3856;1884;244;
11464;11444;9542;7541;nan;3870;1908;238;
11489;11472;9565;nan;5673;3893;1918;200;
11522;11495;9592;nan;5654;3908;1939;193;
11557;11520;9625;nan;nan;3944;1963;182;
11596;11544;nan;7583;5711;3971;1996;160;
11628;11576;nan;7617;5685;3989;2012;133;
11657;nan;9655;7657;5710;4012;2021;129;
nan;11596;9680;7693;5734;4027;2037;136;
11686;11619;9700;7715;5760;4043;2053;116;
11713;11643;9725;7742;5775;4056;2064;97;
11743;11667;9753;nan;5756;4077;2086;82;
nan;11687;9779;7763;5744;4097;2114;77;
nan;11704;9798;nan;5765;4119;2132;84;
11766;11723;nan;7781;5799;4129;2138;78;
11782;nan;9818;7796;nan;4140;2143;81;
11793;11746;9840;nan;5787;4157;2151;77;
11803;11766;nan;7821;nan;4168;2156;72;
11811;11775;9852;7827;5805;4182;2170;66;
11824;11779;9865;7842;nan;nan;2186;60;
11831;11779;9880;7843;nan;4197;2188;57;
11835;nan;9893;7851;5830;4209;2186;55;
11836;11801;9906;7864;5858;4223;2185;49;
