0;103;1986;3842;nan;7658;9428;11642;
6;113;1926;3847;6723;7693;9455;11647;
0;99;1910;3861;6831;7708;9437;11668;
3;104;1904;3879;6673;7699;9392;11623;
0;53;1972;3866;nan;7611;9401;11640;
0;54;1946;3843;nan;7585;9405;11626;
25;89;1945;3806;6669;7625;9404;11603;
19;111;1891;3807;6047;7577;9401;11585;
30;93;1846;3765;6042;7570;9310;11611;
43;133;1725;3772;nan;7565;9313;11577;
79;111;1841;3811;nan;7585;9303;11489;
126;144;1799;3737;6015;7551;9305;11463;
49;194;1633;3725;5966;7550;9301;11374;
0;126;1602;3731;nan;7547;9239;11420;
169;176;1653;3677;nan;7528;9180;11356;
121;148;1693;3661;6152;7528;9195;11399;
322;202;1722;3668;5949;7536;9157;11413;
275;195;1584;3619;5883;nan;9221;11368;
415;234;1664;3630;6012;nan;9179;11370;
276;335;1686;3647;6134;nan;nan;11303;
343;267;1630;3574;6170;7372;9124;11288;
698;317;1584;3528;6285;nan;9076;11244;
367;400;1444;3517;6367;nan;9084;11229;
464;368;1525;3510;5824;7310;9101;11216;
409;346;1464;3458;5749;nan;9040;11235;
692;389;1471;nan;nan;nan;9005;11193;
505;337;1443;3902;nan;7257;9006;11183;
679;375;1347;3746;5983;nan;8968;11156;
591;495;1379;3589;nan;nan;8942;11083;
477;444;1346;3603;5586;7182;8942;11080;
746;518;1327;3376;5539;7187;8896;11085;
693;606;1387;3787;5779;7140;8882;11056;
602;600;1302;3477;5590;7109;8833;11001;
581;639;1243;3490;5701;7146;8822;11023;
780;642;1177;3408;5627;7136;8806;10961;
591;684;1216;3307;5603;7064;8800;10952;
696;706;1173;3257;5714;7046;8784;10945;
665;715;1095;3286;5774;7028;8777;10911;
743;701;1136;3212;5457;7014;8748;10874;
715;765;1114;3299;5408;7019;8692;10846;
784;802;1004;3231;5512;7002;8708;10827;
770;711;1041;3160;5384;6971;8625;10850;
866;884;959;3139;5294;6930;8647;10773;
954;828;1032;3108;5072;6904;8651;10754;
860;819;1013;nan;5256;6922;8604;10732;
920;858;899;3120;5105;6911;8587;10732;
920;849;909;3177;4905;6870;8576;10707;
1105;848;1172;3173;4946;6817;8553;10672;
1090;925;814;3077;4910;6822;8462;10657;
1528;994;973;3018;4878;6846;8503;10664;
1030;1040;778;2981;4896;6802;8470;10581;
1030;953;nan;2937;4832;6711;8435;10583;
1021;981;732;2966;4814;6762;8379;10576;
1091;1084;772;2879;4858;6790;8368;10535;
1007;1089;781;2893;4821;6643;8351;10560;
1093;1034;699;2921;4839;6598;8329;10524;
nan;1086;776;2883;4808;nan;8302;10556;
1684;1125;638;2830;4817;nan;8285;10492;
1576;1168;658;2839;4748;6661;8230;10442;
1287;1156;684;2790;4775;6666;8279;10439;
1317;1222;613;2704;4666;6656;8175;10424;
1240;1192;623;2682;4695;6721;8159;10383;
1333;1301;537;2678;4748;6564;8164;10348;
1279;1351;487;2632;4659;6462;8146;10325;
1282;1311;559;2645;4593;6465;8063;10315;
1380;1273;465;2583;4620;6586;8110;10291;
1341;1270;508;2604;4553;6473;8038;10277;
1450;1356;459;2526;4588;6410;8037;10278;
1951;1320;447;2486;4481;6422;8013;10194;
2262;1392;447;2528;4400;6378;7971;10172;
1589;1909;269;2498;4419;6317;7995;10197;
1750;1584;322;2481;4448;6271;7921;10169;
1658;1403;314;2498;4411;6222;7917;10116;
1689;1496;325;2447;4371;6126;7880;10101;
1499;1752;238;2416;4343;nan;7928;10067;
1684;1644;272;2411;4344;6157;7873;10056;
1777;1646;229;2345;4286;6053;7808;10054;
1886;1686;184;2351;4222;6053;7853;10002;
1645;1684;138;2320;4197;6030;7809;9967;
1818;1712;125;2211;4203;6030;7776;9934;
1672;1740;180;2290;4178;5911;7753;9969;
2057;1740;112;2271;4201;5919;7739;9898;
1940;1762;93;2237;4151;5976;7705;9880;
1863;1782;87;2202;4163;5878;7711;nan;
2028;1803;69;2110;4101;5858;7685;9808;
1878;1776;58;2129;4119;5878;7699;9804;
2057;1861;43;2182;4038;5811;7627;9745;
2003;1869;35;2082;4077;5780;7555;9719;
2073;1987;51;2139;4025;5782;7579;9702;
2068;1992;58;2060;3930;5782;7565;9702;
nan;1996;109;2050;3898;5757;7501;9673;
2206;2032;65;1965;3936;5665;7517;9645;
2178;2038;79;1941;3920;5632;7478;9624;
2311;2063;126;1952;3882;5672;7511;9624;
2362;2207;10;1936;3911;5658;7332;9580;
2207;2160;132;1863;3911;5599;7389;9583;
2377;nan;118;1910;3871;5559;7392;9523;
3140;2274;130;1839;3885;5523;7383;9515;
2570;2280;288;1823;3846;5503;7324;9465;
nan;2241;297;1764;3829;5434;7310;9449;
2560;2224;336;1758;3661;5490;nan;9413;
2500;2320;399;1749;3693;5414;7236;9418;
2556;2284;753;1698;3720;5426;7191;9356;
2609;2299;401;1695;3852;5339;7153;9323;
2621;2336;654;1665;4091;5353;7119;9324;
3199;2393;424;1574;3870;5332;7078;9272;
2746;2372;773;1601;4168;5330;7132;9264;
2877;2450;586;1585;4168;5253;7053;9232;
2956;2443;569;1475;nan;5220;7050;9236;
2791;2484;666;1465;3529;5231;7036;9171;
2823;2454;587;1461;3760;5244;6957;9179;
3038;2546;624;1479;4065;5184;6982;9189;
2951;2533;784;1476;nan;5183;6977;9110;
nan;2571;695;1379;3816;5119;6950;9080;
3540;2549;724;1386;3692;5075;6901;9084;
nan;2606;931;1336;3476;5056;6865;9015;
nan;2631;665;1359;3391;5007;6888;9001;
2914;2680;785;1302;3431;5014;6880;8992;
nan;2677;865;1319;3524;4997;6808;8966;
3015;2712;976;1343;3602;4933;6871;8939;
3054;2787;1381;1174;3595;4955;6903;8917;
3117;2840;1085;1245;4209;4942;6959;8894;
nan;2823;877;1091;3362;4901;6674;8825;
nan;2869;1093;1087;3314;4814;7712;8811;
3229;2870;1185;1073;nan;4786;6662;8793;
2871;2947;1195;1048;3505;4753;6688;8769;
3324;2955;1317;1066;3252;4759;6632;8710;
3246;2956;1007;1036;3089;4711;6587;8641;
3349;2960;1419;970;3230;4732;6573;8654;
3236;3010;1264;947;3035;4649;6597;8663;
3120;3097;1475;860;3126;4659;6599;8632;
3326;3116;1283;862;2750;4681;7547;8649;
3342;3136;1221;916;2978;4667;6900;8564;
3346;3207;1256;844;2719;4558;7229;8596;
nan;3144;1341;848;2993;4562;7015;8468;
3372;3156;1251;668;2992;4511;6420;8518;
nan;3289;1227;657;2799;4477;6478;8413;
nan;3277;1317;748;2891;4440;6419;8440;
3369;3191;1515;732;2726;4433;6349;8383;
nan;3487;1429;666;2831;4351;6310;8367;
nan;3321;2060;668;2763;4325;6371;8395;
nan;3541;1641;638;2796;4330;6198;8306;
3729;3422;1407;619;2746;4316;6162;8348;
3577;3614;1520;513;2742;4219;6108;8308;
3894;3399;1450;496;2559;4241;6135;8320;
4296;3726;1519;524;2883;nan;6129;8272;
nan;3481;1607;434;2906;4217;6160;8228;
nan;3500;1582;516;nan;4162;6117;nan;
nan;3551;1647;401;2408;4194;6031;8191;
nan;3577;1585;501;2402;4190;5988;8192;
nan;3520;1779;417;2330;4098;6046;8182;
3758;3542;1825;479;2316;4059;5937;8149;
nan;3609;1830;398;2591;4127;5933;8156;
3783;3587;2099;304;2289;4052;5866;8198;
3898;3702;1817;155;2353;4048;5920;8091;
nan;3668;1809;240;2224;4003;nan;nan;
3854;3702;1834;176;2260;3933;5862;8104;
3958;3717;1831;208;2393;3961;nan;8142;
3904;3772;1860;268;2052;3889;nan;nan;
3835;3778;1947;275;2034;3854;nan;8202;
3959;3812;2006;154;2118;3831;5628;8078;
3980;3771;1978;108;2024;3807;nan;nan;
nan;3867;1974;181;2015;3795;5583;nan;
4163;3967;1984;126;2080;3844;5564;nan;
4160;3889;2022;7;1895;3766;5636;nan;
nan;3840;2025;56;nan;3739;5578;7818;
4108;3926;2117;93;1901;3762;5591;nan;
4255;3957;2102;97;2011;3808;5502;nan;
4206;4021;2091;134;1835;3734;5448;nan;
nan;4093;2240;47;1799;3689;5420;nan;
4249;4028;2326;110;1890;3702;5370;7802;
4126;4081;2306;138;1826;3655;5357;nan;
4127;4165;2292;162;1776;3721;5319;nan;
4223;4156;nan;190;1740;3618;5319;nan;
4217;4190;nan;198;1722;3634;5308;nan;
4178;4203;2476;213;2051;3601;5286;nan;
4241;4250;2409;259;1685;3573;5242;nan;
4178;4247;2469;335;1720;3635;5167;nan;
4241;4264;2422;300;nan;3427;5160;nan;
4318;4286;2487;330;1658;3473;5086;nan;
4341;4291;2496;267;1565;3385;5089;nan;
4382;4344;2551;390;1443;3340;5023;nan;
4369;4363;2520;633;1428;3290;5041;8990;
4452;4328;2593;505;1392;3221;5029;7469;
4455;4444;2636;496;1480;3234;5010;nan;
4489;4489;2570;492;1565;3230;5010;8834;
4515;4490;2705;588;1452;3180;4896;8290;
4570;4489;2682;595;1457;3198;4869;7168;
4585;4575;2701;646;1367;3099;4891;nan;
4629;nan;2724;578;1401;nan;4851;nan;
4630;4581;2741;706;1191;3067;4832;nan;
4698;4667;2746;691;1250;3118;4817;nan;
4712;4698;2796;761;1144;3050;4766;7110;
4681;4729;2783;760;1169;3028;4766;7337;
4703;4744;2864;789;1018;2978;4685;7549;
4743;4767;2896;871;1281;2961;4675;nan;
4731;4753;2978;884;1213;2927;4631;nan;
nan;4755;2980;876;1330;2882;4585;nan;
4833;4831;3006;906;1155;2860;4625;nan;
4863;4894;3066;931;1032;2839;4530;nan;
4905;4972;3099;902;1000;2787;4520;6726;
4909;4915;3166;1115;1146;2796;4524;6881;
4864;4940;3176;1041;1019;2718;4497;nan;
4896;5009;3226;1086;933;2694;4481;6633;
4950;5001;3174;1078;1208;2664;4427;6682;
5053;5084;3250;1094;1288;2604;4430;6641;
5096;5091;3290;1136;789;2577;4391;6639;
5114;5110;3252;1246;908;2641;4318;6587;
nan;5104;3382;1192;892;2579;4282;6569;
5139;5182;nan;1200;737;2547;4264;6465;
5215;5185;3489;1265;780;2545;4234;6542;
5167;5240;nan;1175;684;2502;4224;6464;
5176;5265;nan;1177;1267;2545;4231;6442;
nan;5320;3648;1235;702;2395;4188;6421;
nan;5298;3716;1218;643;2452;4130;6414;
nan;5368;nan;1323;544;2466;4151;nan;
nan;5380;3917;1370;765;2413;4098;6295;
5403;5397;nan;1392;492;2484;4058;6300;
nan;5422;nan;1430;422;2421;4058;nan;
nan;5495;nan;1621;508;2326;4040;nan;
nan;5532;nan;1444;444;2281;4009;nan;
nan;5572;3785;1476;349;2177;3963;6205;
5425;5543;3869;1668;423;2219;3902;nan;
nan;5553;4001;1501;320;2156;3922;nan;
nan;5644;3995;1594;275;2171;3857;nan;
nan;5706;nan;1714;252;2019;3853;nan;
nan;5667;3960;1629;226;1981;3838;nan;
nan;5705;4068;1631;218;2005;3803;nan;
nan;5715;4095;1754;156;2078;3781;nan;
nan;5746;3861;1748;149;1971;3733;6173;
nan;5738;3792;1724;103;1860;3725;nan;
nan;5786;nan;1789;93;1865;3662;nan;
nan;5873;3905;1877;51;1997;3671;nan;
nan;5868;4135;1941;77;1811;3629;nan;
nan;5877;4008;1847;37;1795;3581;nan;
nan;5946;4141;1903;11;1720;3540;nan;
nan;5952;4026;2023;19;1703;3528;nan;
nan;5914;4358;2036;1;1657;3482;5796;
nan;nan;4080;2040;28;1599;3510;nan;
nan;6043;nan;2102;25;1692;3510;nan;
6403;6125;nan;2041;5;1580;3468;nan;
nan;6179;4435;2085;40;1608;3398;nan;
6298;6099;4176;2178;60;1566;3382;5735;
nan;6156;4169;2177;102;1562;3257;5850;
nan;6250;4318;2160;139;1587;3287;nan;
6391;6275;4383;2256;148;1487;3276;5591;
nan;6290;4408;2266;181;1487;3368;5541;
nan;6385;4446;2393;144;1401;3790;5435;
nan;6338;4393;2253;248;1446;4003;5461;
6491;6362;4448;2430;295;1487;3353;5465;
nan;6768;nan;2343;307;1371;3208;5358;
6496;6400;4469;2372;125;1720;3161;5390;
6559;6360;nan;2418;244;1356;3058;5306;
nan;6459;4547;2454;413;1122;3074;5270;
6615;6464;4434;2431;268;1237;2998;5247;
nan;6488;4503;2526;481;1058;3011;5214;
6830;6537;4727;2520;504;1102;3053;5185;
nan;nan;nan;2589;505;1077;2942;5121;
6677;6591;4924;2582;534;1010;2869;5052;
nan;6675;4663;2587;533;920;2920;5060;
nan;nan;nan;2571;593;851;2874;5038;
nan;6758;4731;2633;598;1034;2811;5011;
6744;6840;4781;2657;880;953;2832;5001;
6761;6825;4731;2714;651;901;2782;5012;
nan;6775;4829;2700;697;870;2738;4962;
nan;6817;4900;2728;751;848;2763;5023;
nan;nan;4976;2804;846;784;2722;4932;
nan;6940;4912;2866;796;894;2680;4873;
nan;nan;5073;2924;825;810;2630;4886;
7094;6830;5152;2984;848;775;2599;4825;
7145;nan;4983;2898;1254;768;2571;4786;
nan;nan;5256;2944;926;701;2522;4725;
nan;nan;5141;2983;967;715;2548;4701;
nan;7283;5087;2999;948;713;2532;4698;
nan;nan;nan;3080;986;647;2429;4672;
nan;nan;5312;3137;1005;711;2436;4631;
nan;7783;5303;3197;1084;665;2433;4598;
7265;nan;nan;3153;1160;469;2395;4567;
nan;7232;5351;3172;1127;622;2379;4590;
7402;nan;5632;3200;1146;453;2390;4537;
7334;7310;nan;3236;1119;454;2325;4589;
7446;7329;nan;3276;1183;359;2284;4528;
nan;7328;5720;3309;1202;455;2209;4415;
nan;7312;5630;3386;1259;265;2243;4442;
7542;7342;5545;3368;1302;395;2235;4449;
7476;7298;5635;3409;1368;289;2161;4364;
7672;7288;5646;3387;1451;299;2178;4379;
nan;7260;5727;3472;1364;336;2079;4265;
nan;7388;5825;3442;1414;195;2072;4252;
nan;7355;nan;3522;1490;249;2020;4241;
nan;7382;5810;3543;1405;228;2024;4314;
nan;7439;5815;3538;1533;130;2015;4227;
nan;7442;5861;3536;1501;85;1959;4140;
7602;7513;nan;3592;1484;148;1974;4160;
nan;7610;nan;3655;1556;164;1930;4123;
nan;7469;nan;3657;1546;143;1853;4089;
nan;7581;nan;3682;1677;56;1928;4005;
nan;7694;nan;3694;1649;153;1887;4001;
nan;7622;nan;3720;1653;81;1837;4016;
7840;7667;nan;3766;1754;142;1795;3995;
7913;7698;nan;3774;1717;150;1781;3954;
7940;7609;nan;3816;1803;125;1700;3912;
nan;7681;nan;3875;1850;116;1738;3938;
nan;7786;nan;3828;1863;136;1631;3876;
7928;7762;6327;3834;1885;167;1612;3833;
7924;7778;6154;3899;1897;166;1620;3839;
7958;7846;nan;3925;2055;249;1610;3790;
7955;7835;nan;4006;2095;273;1547;3735;
nan;7905;nan;4004;2041;302;1543;3771;
nan;7960;nan;4053;2015;300;1521;3708;
nan;8029;nan;4109;2147;238;1511;3675;
8199;8020;nan;4072;2077;413;1485;3669;
8195;8100;nan;4178;2242;391;1461;3621;
8271;8118;nan;4151;2774;380;1384;3603;
nan;8075;nan;4168;nan;459;1406;3532;
8278;8028;nan;4215;2155;355;1347;3492;
8252;8102;nan;4219;2138;463;1339;3537;
nan;8171;nan;4259;2237;460;1297;3464;
8316;8212;nan;4302;2293;611;1284;3521;
8351;8248;nan;4281;2203;582;1250;3456;
8400;8243;nan;4313;2222;653;1214;3441;
8411;8302;nan;nan;2338;668;1150;3481;
nan;8273;nan;nan;2402;729;nan;3691;
nan;8292;nan;nan;2454;632;1186;3386;
8566;8361;nan;4499;nan;789;1116;3200;
8493;8351;nan;4451;2397;828;1089;3212;
8564;8409;nan;4549;2455;825;1018;3257;
nan;8421;nan;4621;2450;780;854;3149;
8682;8477;nan;4542;2518;948;898;nan;
nan;8513;nan;4621;2529;861;947;nan;
nan;8468;nan;4626;2554;956;897;3645;
8680;8509;nan;4592;2661;918;837;3231;
8702;8540;nan;4695;2614;987;828;3185;
8667;8577;nan;4718;2668;963;776;3521;
nan;8664;nan;4734;2689;1010;834;4419;
8787;8691;nan;4754;2719;1088;747;3067;
nan;8669;nan;4767;2806;1093;795;2965;
8874;8732;nan;4805;2769;1092;638;nan;
8896;8759;nan;4882;2806;1045;697;2846;
8915;8779;nan;4881;2796;1017;nan;2970;
8942;8780;nan;4873;nan;1136;593;3289;
8928;8827;nan;4918;2902;1234;603;nan;
8997;8847;7163;4992;nan;1256;533;2829;
8992;8893;nan;4990;nan;1305;534;2778;
9048;8905;nan;4961;nan;1378;496;2713;
nan;8887;nan;5066;nan;1277;482;2689;
9058;8964;nan;5051;nan;1332;467;2636;
9105;8953;nan;5096;3149;1292;457;2541;
9153;9018;nan;5118;nan;1439;401;2587;
9175;9012;nan;5174;3735;1496;336;2539;
nan;9084;7333;5198;3510;1510;258;2553;
9209;9123;7300;5226;3650;1583;336;2524;
9291;9131;nan;5265;nan;1473;200;2439;
9305;9140;nan;5247;nan;1605;284;2443;
nan;9227;nan;5319;3417;1630;264;2496;
9372;9205;nan;5316;nan;1658;195;2430;
9281;9230;nan;5371;3380;1713;184;2434;
9413;9278;nan;5311;3314;1753;116;2360;
9436;9294;nan;5375;3359;1686;107;2335;
9403;9281;7507;5418;3390;1710;101;2381;
9441;9313;nan;nan;nan;1732;53;2221;
nan;9374;nan;5523;3399;1748;35;2198;
9501;9428;nan;5555;3417;1805;14;2269;
9509;9449;7639;5592;3440;1889;20;2159;
9520;9456;7662;5640;3450;1899;0;2212;
9596;9495;7744;nan;3490;1848;0;2156;
9566;9555;7768;5637;3518;1893;0;2069;
9583;9539;7761;5693;3588;1917;0;2074;
9632;9607;7783;6029;3697;1945;0;2028;
9753;9607;nan;5755;3664;1969;34;2070;
9742;9616;7831;5833;3642;1965;0;2210;
9737;9628;nan;nan;3728;2058;2;2062;
9738;9661;nan;5788;3825;2149;56;2013;
9819;nan;6011;3795;2124;144;nan;
nan;9744;nan;6076;3811;2123;245;2148;
9825;9803;nan;6105;3829;2132;25;1872;
9902;9822;nan;5938;3860;2097;179;1747;
9957;9842;7983;5999;3895;2289;191;1826;
9989;9839;8010;6033;3902;2252;151;1743;
9999;9879;nan;6072;3959;2328;369;1666;
10041;9905;8074;6127;3947;2351;280;nan;
nan;9958;8109;6119;3984;2351;412;1614;
10028;9936;nan;6099;4025;2365;355;1616;
nan;10007;8157;6134;4046;2446;511;1620;
10114;10039;8203;nan;4071;2377;551;1571;
nan;10054;nan;6249;4138;2499;428;1590;
10122;10089;8250;6319;4159;2471;453;1602;
10158;10116;8233;nan;4121;2531;463;1511;
10203;10118;8280;6232;4195;2554;519;1493;
10227;10144;8324;6249;4241;2566;734;1515;
nan;10158;8328;6353;4273;2580;477;1443;
10298;10236;8399;6349;4286;2613;598;1370;
10298;10217;8390;6414;4333;2646;1030;1397;
10351;10279;8436;6482;4364;2676;962;1355;
10350;10309;8418;6500;4320;2699;784;1379;
10387;10350;8493;6496;4383;2706;703;1327;
nan;10369;8512;6467;4379;2790;747;1300;
nan;10419;nan;6543;4395;2787;931;1284;
10476;10391;8565;nan;4423;2833;901;1293;
10504;10443;nan;6559;4450;2865;883;1172;
10517;10451;8617;nan;4455;2902;984;1133;
10560;10520;8660;6610;4530;2927;979;1169;
10630;10498;8662;7569;4606;2967;828;1130;
nan;10578;8687;nan;4608;2966;927;1155;
10667;10555;8700;nan;4622;3073;907;1071;
10677;10612;8724;nan;4661;3050;990;1128;
10676;10627;8729;6830;nan;3029;1017;1049;
10753;10667;8787;nan;4759;3080;1082;1026;
10737;10679;8756;nan;4775;3183;964;1027;
10807;10674;8826;6860;4699;3204;1059;918;
10804;10733;8861;6892;4825;3215;1156;939;
10849;10735;8894;6902;4752;3266;1172;924;
10822;10769;8856;6946;nan;3358;1131;938;
10882;10815;8901;6941;4886;3291;1282;920;
10900;10844;nan;6939;4855;3347;1364;866;
10910;10848;8926;6982;4960;3276;1201;821;
10922;10896;8938;6922;4928;3331;1245;765;
10928;10900;8995;7035;5096;3310;1278;628;
10937;10945;9015;nan;4982;3330;1337;651;
10967;10925;9016;7236;5024;3372;1451;650;
10997;10951;9016;7012;5011;3381;1345;637;
11002;11006;9058;8159;4995;3470;1356;641;
11018;nan;9090;7007;5036;3401;1383;622;
11065;11045;9194;7144;5100;3426;1452;628;
11113;11048;9184;nan;5164;3577;1537;549;
11116;11078;9229;7187;5173;3558;1555;515;
11138;11127;9227;7200;5234;3587;1613;514;
11187;11180;9239;7223;nan;3645;1589;501;
11199;11165;9298;7220;5285;3570;1603;473;
11272;11175;9336;7305;nan;3639;1633;378;
11275;11207;9358;nan;5429;nan;1717;459;
11302;11231;9367;7379;5482;3765;1722;349;
11321;11279;9351;7462;5448;3714;1699;398;
11342;11239;9390;7435;5744;3766;1768;398;
11359;11267;9409;7311;5467;3751;1721;194;
11360;11309;9382;7479;5495;3775;1785;368;
11391;11361;9458;7361;5764;3872;1851;250;
11422;11383;9500;7457;5553;3780;1777;268;
11464;11381;9517;7460;nan;3816;1845;25;
11471;11452;9518;7538;6187;3843;1821;286;
11512;11466;9591;7553;6313;3920;1940;101;
11482;11480;9584;7560;5683;3907;1958;219;
11576;11508;9629;7551;5777;3999;1933;69;
11533;11522;9690;7563;5644;3969;1996;89;
11618;11548;9702;7627;5744;3973;1959;93;
11655;11560;9703;7662;6424;3939;2043;79;
11583;11595;9753;7689;6403;4065;2059;52;
11649;11598;9732;7743;nan;4040;2099;70;
11656;11685;9810;7695;6476;4067;2182;125;
11692;11695;9803;7731;5784;4069;2062;90;
11721;11685;9824;7745;6175;4144;2105;95;
11720;11692;9767;7734;5860;4128;2155;79;
11721;11734;9834;7778;5813;4126;2234;78;
11766;11744;9843;7816;6108;4058;2229;90;
11800;11688;9889;7842;nan;4168;2046;89;
11772;11737;9848;7845;5870;4156;2124;77;
11801;11769;9857;7832;6039;4211;2079;69;
11810;11788;9840;nan;6147;4197;2041;48;
