11725;11788;9833;7792;5839;4160;2230;0;
11736;11792;9852;7793;5842;4163;2214;0;
11731;11785;9849;7794;nan;4152;2220;0;
11723;11776;9856;7795;nan;4152;2245;0;
11725;11773;9846;7796;5845;4145;2234;0;
11719;11770;9840;7790;6057;4139;2212;0;
nan;11768;9833;7786;nan;4138;2197;0;
11710;11766;9826;7790;6011;4128;2193;0;
11700;11760;9820;7788;5982;4122;2177;0;
11691;11755;9809;7779;5995;4113;2173;0;
11683;11742;9801;7771;nan;4101;2165;6;
11669;11728;9790;7761;5966;4086;2144;17;
11648;11714;nan;7745;5936;4065;2121;26;
11632;nan;9769;7729;5917;4047;2086;26;
11616;11700;9748;7708;5882;4030;2057;62;
11593;11678;9729;7687;5858;4007;2037;100;
11568;11654;9708;7659;5826;3981;2010;138;
11540;11621;9687;7625;5706;3957;1976;180;
11516;11589;9665;7596;5671;3932;1946;203;
11492;11558;9641;7572;5627;3911;1909;235;
11467;11524;9620;7546;5556;3885;1873;267;
11440;11488;9592;7516;5518;3855;1847;295;
11417;11453;9559;7489;5485;3831;1809;330;
11388;11420;9538;7465;5442;3803;1772;384;
11358;11389;9512;7439;5421;3777;1746;404;
11328;11360;nan;7413;5387;3757;1718;420;
11304;11330;9490;7389;5360;3733;1684;432;
11283;11305;9459;7368;5331;3708;1646;446;
11256;11275;9429;7337;5299;3681;1614;479;
11231;11253;9400;7315;5272;3656;1577;511;
11203;11226;9383;7289;5246;3631;1549;535;
11179;11199;9354;7267;5216;3605;1517;549;
11155;11168;nan;7239;5188;3584;1491;565;
11129;11137;9328;7204;5157;3560;1463;573;
11100;11102;9300;7180;5130;3529;1437;596;
nan;11065;9268;7159;5100;3493;1409;620;
11071;11034;9236;7137;5071;3467;1386;654;
11040;11001;9201;7107;5038;3446;1364;690;
11008;10970;9170;7083;5010;3419;1344;776;
10978;10938;9145;7053;4980;3390;1328;802;
10945;10916;9112;7022;4951;3358;1291;831;
10913;10894;9068;6994;4916;3322;1264;886;
10877;10868;9036;6977;4878;3284;1240;950;
10841;10845;9008;6956;4840;3247;1221;1002;
10807;10824;nan;6927;4805;3216;1192;1034;
10778;10799;nan;6900;4774;3190;1169;1109;
10749;10773;8969;6880;4739;3159;1141;nan;
10722;10746;8931;6861;4707;3119;1117;1226;
10693;10721;8891;6854;4677;3087;1085;1264;
nan;nan;8856;6836;4644;3053;1053;1247;
10659;10693;8830;nan;4612;3022;1030;1284;
10629;10651;nan;6818;4590;2996;995;1325;
10600;10618;nan;6841;4566;2968;965;1354;
10566;10588;nan;6816;4549;2947;932;1356;
10533;10552;8783;6793;4531;2920;900;1384;
10504;10520;nan;6794;4510;2885;851;1419;
10471;10490;nan;6769;4487;2854;817;1425;
10440;10462;nan;6736;4465;2829;787;1387;
10405;10430;nan;6707;4435;2797;748;1433;
10374;nan;nan;6655;4408;2769;711;1477;
10346;10391;8727;6614;4382;2744;672;1517;
10314;10356;8673;6582;4354;2718;645;1535;
10284;10342;8619;6503;4330;2702;627;1569;
10257;nan;8556;6463;4300;2675;591;1613;
10235;10310;8500;6423;4263;2649;564;1643;
10204;10278;8452;6364;4223;2625;549;1680;
10179;10247;8404;6329;4193;2600;531;1699;
10152;10213;8364;6297;4161;2577;506;1716;
10125;10181;8310;nan;4137;2562;490;1734;
10100;10143;8271;6293;4111;2530;472;1768;
10077;10111;8250;6257;4084;2503;452;1830;
10048;10083;8231;nan;4056;2477;416;1882;
10019;10045;nan;6225;4022;2441;383;1911;
9990;9996;nan;6189;3988;2408;365;1938;
9956;9961;nan;6151;3960;2379;346;1960;
9930;9933;8211;6117;3935;2348;314;1979;
9901;9902;8193;6080;3905;2317;284;2006;
9873;9874;8150;6043;3876;2281;250;2030;
9845;9846;8104;6006;3843;2240;228;2042;
9816;9820;nan;5967;3815;2201;204;2068;
9787;9796;8059;5899;3784;2167;185;2069;
9761;9768;nan;5871;3754;2133;174;2099;
9733;9738;7997;5841;3724;2099;146;2124;
9703;9713;7945;5804;3704;2069;120;2147;
9682;9678;nan;5773;3682;2031;96;2178;
9653;9643;7894;5745;3653;2004;86;2200;
9620;9614;nan;5712;3621;1971;76;2238;
9595;9580;7842;5684;3592;1945;71;2281;
9561;9550;nan;5658;3562;1918;57;2315;
nan;9521;nan;5629;3531;1895;49;2333;
nan;9489;7775;5601;3506;1859;51;2355;
9524;9458;nan;5575;3478;1832;63;nan;
9485;9431;7750;5547;3446;1799;70;2367;
9451;9406;nan;5517;3416;1761;83;2399;
nan;nan;7676;5493;3392;1735;97;2431;
9416;9382;7628;5456;3446;nan;115;2464;
9383;9362;7590;5437;3431;1692;134;2501;
nan;9335;7549;5407;nan;1652;157;2525;
nan;9307;nan;5378;3438;1618;186;2549;
9344;9276;nan;5349;nan;1579;200;2585;
9305;nan;nan;5316;3415;1552;226;2665;
9270;9244;7519;5290;3395;1524;247;2722;
9224;9204;nan;5259;3364;1491;282;2775;
9188;9170;7488;5231;3332;1461;307;2827;
9156;9139;7455;nan;3303;1440;342;2872;
9126;9110;nan;5190;3266;1410;372;2911;
nan;9083;7427;5153;3222;1392;392;2950;
9091;9047;nan;5113;3106;1362;422;3015;
9058;9012;7398;5077;3063;1328;456;nan;
9022;8972;7323;5037;2998;1303;500;3052;
8983;8935;nan;5001;2957;1274;527;3093;
8945;8900;7279;4968;2917;1245;566;3084;
8904;8874;7240;4930;2877;1213;587;3184;
8868;8848;nan;4894;2840;1190;622;3191;
8832;nan;7199;4858;2799;1163;643;3231;
nan;8819;7149;4828;2763;1128;664;3242;
8795;8778;7100;4807;2727;1093;694;nan;
nan;8749;7055;4780;2692;1066;730;nan;
8750;8709;7001;4749;2658;1035;759;nan;
8713;8682;6946;4722;2620;1004;796;nan;
8673;8658;6901;4691;2587;970;823;3418;
8636;8625;6863;4662;2554;941;848;3473;
8601;8590;6840;4631;2526;910;885;3481;
8570;8556;6818;4598;2497;878;918;3528;
8537;8515;6794;4567;2475;841;957;nan;
8504;8476;6785;4537;2446;810;997;3563;
8472;8454;6779;4500;2425;783;1048;nan;
8445;8421;6757;4470;2402;758;1076;nan;
8421;8388;6738;4446;2375;729;1108;3671;
8390;8356;6718;4419;2347;699;1140;3633;
8361;8334;6691;4386;2320;667;1170;3688;
8335;8309;6660;4358;2294;635;1199;3834;
8310;8283;6633;4330;2267;605;1237;nan;
8285;8257;6604;4302;2246;574;1271;nan;
8265;8239;6571;4275;2227;542;1296;3981;
8244;8216;6531;4251;2204;518;1321;3894;
8216;8181;6492;4226;2173;485;1348;3922;
8184;8155;nan;4197;2146;454;1375;3953;
8152;8119;6451;4165;2119;426;1404;nan;
nan;8079;nan;4134;2095;401;1433;nan;
8130;8036;6414;4105;nan;377;1467;nan;
8101;8004;6381;4076;2067;349;1501;3971;
nan;7979;6339;4046;2028;326;1524;4009;
8084;7950;6311;4014;1997;297;1554;3972;
8053;nan;nan;3984;1962;nan;1589;3994;
nan;7916;nan;3954;1926;267;1625;nan;
8019;7883;6286;3928;1891;230;1646;4032;
7978;7844;6259;3901;nan;208;1677;3933;
nan;7820;6219;3871;1854;177;1705;3879;
7933;7794;6189;3842;1820;150;1727;3893;
7907;7772;6159;3817;1784;124;1760;3915;
7876;7739;6140;3792;1746;102;1788;3951;
nan;7715;nan;3763;1710;86;1815;3985;
7848;7679;nan;3742;1680;68;1834;nan;
7815;7651;6108;3719;1650;62;1858;nan;
7788;7623;6075;3692;1619;64;1886;4020;
7748;7587;6045;3669;1590;68;1917;4067;
7718;7558;6003;3639;1555;68;1943;4143;
7683;7516;nan;3613;1525;84;1980;nan;
7659;7506;5954;3585;1493;101;2012;4213;
nan;7510;5897;3559;1469;135;2032;4284;
7651;nan;5857;3528;1445;206;2064;nan;
7619;7492;5804;3505;1414;255;2095;4371;
7602;7449;5744;3474;1388;295;2135;4414;
7574;7474;5676;3446;1358;326;2171;4449;
7553;7449;5627;3419;1327;352;2197;4482;
7539;7411;5567;3391;1294;394;2229;4529;
nan;7387;5527;3367;1272;444;2261;4550;
nan;nan;5480;3335;1246;471;2283;4569;
nan;nan;5448;3298;1213;517;2316;4554;
7509;7384;nan;3260;1178;565;2349;4547;
7479;7396;5424;3225;1142;572;2380;4548;
7467;7389;5385;3194;1116;590;2410;4520;
7454;7370;5352;3165;1083;621;2430;4537;
7429;7344;5311;3131;1049;660;2451;4570;
7415;7324;5280;3094;1014;702;2472;4609;
7381;nan;5245;3063;979;732;2491;4678;
7372;nan;5213;3020;943;765;2514;nan;
7336;7281;5173;2988;906;816;2538;4732;
7295;7275;5138;2961;875;848;2560;4768;
7278;7269;5092;2928;838;869;2589;4815;
7254;7251;5047;2891;806;880;2612;4856;
7223;7193;5017;2852;773;908;2637;nan;
7183;7108;4977;2816;743;950;2669;nan;
nan;7027;4941;2783;712;995;2703;nan;
7137;7001;4904;2758;684;1054;2734;nan;
7085;7011;4868;2717;655;1123;2773;nan;
nan;nan;4836;2696;620;1174;2814;nan;
nan;nan;4806;2665;596;1183;2854;4906;
nan;6956;4772;2628;566;1206;2894;4956;
nan;6877;4737;2601;540;1266;2930;5008;
nan;6833;4700;2568;516;1356;nan;5061;
nan;nan;4661;2542;487;1415;2962;5131;
nan;6789;4627;2509;457;1451;3007;nan;
7010;6792;4590;2479;434;1469;3044;nan;
nan;6803;4546;2451;402;1469;3079;nan;
6941;6806;4511;2425;376;1478;nan;nan;
nan;6798;4469;2390;353;1508;3220;nan;
nan;6727;4424;2358;321;1564;3248;5159;
6862;6642;4380;2335;295;1608;nan;nan;
6763;6629;4346;2310;273;1604;3283;nan;
nan;6588;4309;2288;243;1580;3321;5272;
6658;6522;4269;2255;222;1588;3423;nan;
6561;6475;4235;2227;198;1625;3527;nan;
6453;6389;4202;2224;168;1660;3614;5404;
6355;6312;4173;2199;153;1716;3642;5524;
6266;6270;4134;2157;134;1751;3677;5622;
6171;6225;4104;2121;118;1762;3715;nan;
6123;6166;4080;2088;109;1796;3647;nan;
nan;6125;4051;2048;102;1818;3681;nan;
6042;6103;4013;2015;96;1856;3707;nan;
5996;6077;3975;1981;95;1895;3728;nan;
5999;6070;3958;1944;92;1933;3690;nan;
6004;nan;3927;1924;97;1939;3654;5744;
6023;nan;3903;1855;114;1960;3627;nan;
5984;6032;3879;1802;129;1974;3662;5873;
5940;5995;3857;1769;146;1980;3698;nan;
5901;5946;3840;1730;167;2007;3721;nan;
5862;5886;nan;1712;191;2035;3758;nan;
5814;5841;nan;1688;212;2066;3794;nan;
5772;5799;3830;1645;218;2088;3826;nan;
5730;5751;3825;1616;248;2117;3866;nan;
5659;5685;3810;1594;280;2138;3887;nan;
5578;5648;3806;1546;317;2180;3908;nan;
5483;5584;3771;1524;349;2214;3946;6005;
5454;5549;3736;1499;369;2246;3969;nan;
5428;5508;nan;1478;409;2306;3994;6121;
5388;5476;3711;1462;451;2344;4023;nan;
5365;5438;3740;1419;486;2363;4050;nan;
5340;nan;nan;1394;524;2392;4072;nan;
5313;5402;3700;1372;604;2416;4102;6235;
5282;5368;nan;1346;634;2447;4127;nan;
5252;5348;3670;1316;657;nan;4164;6356;
5226;5324;3638;1288;683;2495;4189;nan;
5200;5282;nan;1267;745;2510;4214;nan;
5170;5248;3591;1234;786;2551;4250;6471;
5141;5212;3544;1201;839;2584;4278;6589;
5116;5184;3497;1165;893;2602;4303;nan;
5089;5156;3480;1141;932;2632;4328;6647;
5057;5124;3462;1104;963;2670;4353;6732;
5027;5091;3414;1072;966;2705;4377;6797;
5000;5064;3323;1046;991;2742;4402;nan;
4968;5034;3300;1013;1024;2778;4431;6847;
4938;5001;3251;979;1062;2796;4469;6893;
4904;4979;3195;946;1061;2828;4502;6942;
4871;4953;3149;922;1094;2846;4532;nan;
4841;4926;3120;897;1107;2868;4557;nan;
4811;4900;3082;871;1105;2881;4589;nan;
4780;4872;3023;839;1135;2903;4627;7143;
4755;4840;2979;808;1165;2930;4670;7185;
4727;4809;2945;778;1194;2957;4706;7171;
4700;4785;2890;740;1232;2984;4741;7156;
4680;4753;2840;714;1269;3010;4773;7199;
4658;4724;2793;688;1291;3035;4801;7240;
4641;4688;2748;653;1328;3071;4828;7266;
4624;4664;2720;614;1348;3105;4848;nan;
4603;4634;2686;579;1371;3148;4881;7309;
4582;4596;2657;547;1404;3184;4910;7365;
4559;4565;2636;521;1424;3218;4929;7414;
4527;4548;2610;490;1449;3249;4951;7297;
4497;4516;2588;464;1486;3272;4980;7325;
4463;4486;2569;438;1506;3302;5009;7362;
4429;4474;2549;401;1527;3331;5038;nan;
4392;4463;2534;374;1552;3366;5071;nan;
4356;4450;2508;347;1560;3389;5099;7387;
4320;4428;2482;322;1586;3416;5133;7419;
4285;4404;2459;297;1607;3438;5165;7455;
4248;4393;2433;272;1622;3476;5195;nan;
4212;4433;2399;239;1648;3505;5229;nan;
4185;4392;2366;216;1686;nan;5264;nan;
4163;4416;2329;190;1713;nan;5297;nan;
4138;4386;2306;161;1762;3548;5321;7510;
4111;4356;2280;143;1831;3601;5347;7556;
4091;4368;2248;121;1904;3708;5375;7591;
4070;4356;2225;103;1972;nan;5407;7635;
4049;4361;2195;91;2032;nan;5434;7676;
nan;4336;2168;75;2105;3822;5457;7723;
4019;4290;2138;66;2176;nan;5483;7763;
3995;4203;2112;68;nan;nan;5515;nan;
3965;4186;2076;65;2233;3916;5545;7813;
3933;4111;2049;79;2297;4039;5574;7866;
3898;4077;2016;102;2363;nan;5602;7908;
3868;4030;1980;116;2405;nan;5631;nan;
3841;3941;1949;146;2402;nan;5658;7934;
3834;3883;1918;183;2400;nan;5686;7963;
nan;3807;1887;216;2404;nan;5725;7997;
3789;3777;1852;249;2412;4095;nan;8025;
nan;3760;1816;295;2400;nan;5758;nan;
3790;3723;1773;338;2399;nan;nan;8055;
nan;3691;1755;389;2397;4159;5834;nan;
nan;3662;1726;420;2383;nan;5926;nan;
nan;3636;1703;455;2356;4221;5995;8095;
nan;3608;1685;494;2361;4286;nan;nan;
3775;3583;1656;530;2379;nan;nan;nan;
3763;3560;1630;546;2399;nan;nan;nan;
3754;3543;1602;597;2426;4403;6040;8146;
3733;3510;1567;640;2447;nan;6093;nan;
nan;3471;1547;656;2471;4458;6145;8190;
nan;3445;1525;669;2499;4455;nan;8235;
3728;3418;1496;686;2531;4429;6242;8284;
3671;3395;1467;708;2558;4433;6293;nan;
nan;3370;1426;732;2601;4413;6338;8328;
3651;3342;1392;774;2643;4455;6445;8382;
3565;3306;1359;812;2687;4486;nan;nan;
3550;3265;1341;837;2713;4534;6484;8430;
3464;3223;1329;844;2749;4579;6487;8486;
3397;3191;1321;858;2787;4556;6516;8548;
3324;3157;1276;903;2842;nan;nan;8599;
3270;3122;1234;959;2872;4585;6586;8633;
3209;3087;1189;983;2914;4612;6640;8671;
3130;3055;1158;1014;3005;nan;nan;8703;
3098;3016;nan;1035;3099;4668;6714;8738;
3028;nan;1149;1055;nan;nan;6729;8771;
2997;2978;1115;1119;3215;nan;nan;8794;
2938;2951;1083;1171;nan;4701;6766;8821;
2905;2929;1031;1198;3313;4754;6817;8867;
2875;nan;969;1263;nan;4798;nan;8893;
2838;2905;930;1270;nan;4832;nan;nan;
2786;2882;909;1289;3371;4850;6806;8924;
nan;2857;885;1359;3415;4876;nan;8955;
2749;2831;873;1428;3557;4909;6838;8988;
2718;2798;857;1483;3675;4943;6874;9017;
2687;2766;814;1518;nan;4984;6930;9045;
2657;2743;789;1498;3733;5017;6944;9081;
2628;2718;765;1521;3779;5051;nan;9125;
2602;2679;743;1552;3786;5074;6984;9168;
2576;2650;720;1558;3761;5103;6997;9189;
2547;2625;672;1601;3707;5131;nan;9214;
2536;2597;638;1629;3680;5161;nan;9238;
2505;2574;623;1642;3728;5195;nan;9265;
2486;2550;580;1641;nan;5233;nan;9290;
nan;2527;539;1655;3754;5265;nan;nan;
nan;2498;508;nan;3715;5296;nan;9318;
2548;2466;473;1683;3660;5321;nan;nan;
2666;2437;447;1719;3665;5357;7038;9354;
nan;2425;419;1759;3682;nan;7106;9382;
2640;2393;393;1800;3686;5388;7157;9417;
nan;2355;374;1826;3722;nan;7211;9450;
2611;2320;341;1852;3747;5417;7253;9475;
2602;2289;293;1876;3769;nan;7299;9513;
2617;2250;269;1893;3769;nan;7316;9546;
nan;2214;247;1919;3789;nan;7364;9579;
2661;2177;225;1944;3778;nan;7404;9617;
2646;2144;202;1962;3795;nan;7442;9654;
2595;2113;172;1980;3825;5520;7468;9675;
2548;2074;151;1987;3851;5598;7493;9709;
2411;2043;138;2002;3879;5634;nan;9723;
2225;2004;122;2032;3899;nan;7530;9745;
2175;1972;119;2059;3926;5717;7569;9772;
2137;1943;128;2086;3956;5765;7599;9800;
2067;1918;126;2118;3982;nan;7632;9826;
1980;1897;129;2145;4011;nan;7669;9853;
1865;1877;129;2183;4040;nan;7696;9881;
1795;1853;135;2219;4067;5870;7726;9908;
nan;nan;152;2258;4093;5932;7760;9940;
1835;1822;166;2302;4118;nan;7798;9960;
1806;1780;180;2338;4143;nan;7825;9994;
1821;1750;207;2374;4176;6090;7838;10024;
1792;1729;222;2417;4197;nan;7883;10055;
1771;1700;245;2474;4229;nan;7911;10088;
1733;1663;257;2522;4256;6178;7961;10124;
1721;1629;269;2568;4287;nan;8009;10161;
1693;1591;304;2599;4325;nan;8043;10184;
1669;1554;342;2650;4360;6254;8066;10214;
1632;1518;373;2676;4402;nan;8097;10249;
1556;1483;408;2704;4436;6278;8125;10293;
1530;1474;437;2730;4476;nan;8156;10320;
1460;1505;473;2746;4511;nan;8188;nan;
1437;1473;508;2765;4551;nan;8189;10351;
1401;1434;545;nan;4578;6329;8214;10389;
1376;1390;575;2767;4609;nan;8221;10412;
1325;1362;600;2772;4642;6485;8230;10441;
1282;1336;619;2786;4665;nan;8254;10466;
1250;1304;640;2805;4686;nan;8285;10501;
1232;1308;670;2809;4708;nan;8314;10528;
1196;1280;697;2836;4741;6550;8339;10554;
1160;1231;740;2850;4765;nan;8369;10574;
1140;1132;738;2876;4787;nan;8402;10602;
1117;1101;768;2919;4807;nan;8427;10628;
1102;1068;788;2942;4832;nan;8456;10652;
1066;1114;820;2968;4853;nan;8478;10686;
1043;1093;855;2998;4874;6671;8510;10714;
1020;1059;883;3034;4890;6727;8537;10746;
1002;1031;919;3066;4911;nan;8562;10777;
959;974;940;3101;4935;6859;8583;10807;
922;948;962;3131;4955;6866;8611;10842;
889;930;979;3165;4978;nan;8633;10880;
848;912;1024;3203;5002;6956;8657;10915;
802;887;1051;3233;5036;7037;8691;10949;
762;nan;1075;3269;5076;nan;8720;10979;
744;865;1117;nan;5112;nan;8753;11003;
717;776;1141;nan;5146;nan;8774;11037;
698;725;1169;3314;5182;7122;8800;11067;
660;691;1193;3360;5224;nan;8830;11095;
644;676;1227;nan;5259;nan;8862;11123;
608;634;1276;nan;5292;nan;8889;11146;
586;601;1298;nan;5325;7200;8914;11171;
554;556;1323;3421;5361;nan;8939;11195;
538;515;1353;3473;5404;nan;8961;11219;
519;482;1385;3515;5430;nan;8980;11246;
484;457;1411;3561;5463;nan;9001;11274;
460;430;1452;3602;5494;nan;9024;11299;
415;408;1479;3651;5526;nan;9049;11324;
389;376;1494;3695;5548;7241;9071;11344;
366;337;1524;3739;5574;7308;9091;11367;
360;302;1537;3789;5596;nan;9113;11389;
342;283;1572;3818;5618;7370;9137;11412;
307;270;1602;3821;5637;7423;9160;11431;
287;249;1630;3829;5644;7423;9188;11451;
255;224;1647;3845;5660;7445;9208;11463;
241;197;1659;3847;nan;7457;9231;11474;
212;165;nan;3858;5681;7491;9256;11485;
204;145;1674;3848;5700;7507;9271;11497;
188;130;1695;3851;5752;7515;9287;11513;
161;110;1725;3848;5810;7493;9300;11530;
146;105;1739;3839;5825;7481;9313;11542;
124;85;1756;3830;5845;7465;9326;11552;
134;70;1772;3830;5867;7462;9337;11563;
114;60;1782;3833;5889;7476;9343;11572;
110;47;1786;3835;5912;7494;9360;11581;
105;38;1795;3846;5934;7505;9374;11594;
104;33;1811;3853;5950;7517;9383;11602;
99;27;1817;3862;5963;7528;9396;11606;
91;21;1825;3858;5945;7545;9408;11607;
93;16;1834;3859;5918;7558;9418;